40.809715
-73.961116

40.80972300236421
-73.9611105769102

40.80973100472842
-73.9611051538204

40.80973900709263
-73.9610997307306

40.80974700945684
-73.96109430764079

40.80975501182105
-73.96108888455099

40.809763014185265
-73.96108346146119

40.809771016549476
-73.96107803837138

40.80977901891369
-73.96107261528158

40.8097870212779
-73.96106719219178

40.80979502364211
-73.96106176910197

40.80980302600632
-73.96105634601217

40.80981102837053
-73.96105092292237

40.809819030734744
-73.96104549983257

40.809827033098955
-73.96104007674276

40.809835035463166
-73.96103465365296

40.80984303782738
-73.96102923056316

40.80971967217265
-73.96112612304073

40.80972767453686
-73.96112069995092

40.80973567690107
-73.96111527686112

40.80974367926528
-73.96110985377132

40.80975168162949
-73.96110443068152

40.809759683993704
-73.96109900759171

40.809767686357915
-73.96109358450191

40.80977568872213
-73.9610881614121

40.80978369108634
-73.9610827383223

40.80979169345055
-73.9610773152325

40.80979969581476
-73.9610718921427

40.80980769817897
-73.9610664690529

40.80981570054318
-73.96106104596309

40.809823702907394
-73.96105562287329

40.809831705271606
-73.96105019978349

40.80983970763582
-73.96104477669368

40.80984771000003
-73.96103935360388

40.8097243443453
-73.96113624608145

40.80973234670951
-73.96113082299165

40.80974034907372
-73.96112539990185

40.80974835143793
-73.96111997681204

40.80975635380214
-73.96111455372224

40.809764356166355
-73.96110913063244

40.809772358530566
-73.96110370754263

40.80978036089478
-73.96109828445283

40.80978836325899
-73.96109286136303

40.8097963656232
-73.96108743827322

40.80980436798741
-73.96108201518342

40.80981237035162
-73.96107659209362

40.80982037271583
-73.96107116900382

40.809828375080045
-73.96106574591401

40.809836377444256
-73.96106032282421

40.80984437980847
-73.9610548997344

40.80985238217268
-73.9610494766446

40.80972901651795
-73.96114636912218

40.80973701888216
-73.96114094603237

40.80974502124637
-73.96113552294257

40.80975302361058
-73.96113009985277

40.809761025974794
-73.96112467676296

40.809769028339005
-73.96111925367316

40.809777030703216
-73.96111383058336

40.80978503306743
-73.96110840749355

40.80979303543164
-73.96110298440375

40.80980103779585
-73.96109756131395

40.80980904016006
-73.96109213822415

40.80981704252427
-73.96108671513434

40.809825044888484
-73.96108129204454

40.809833047252695
-73.96107586895474

40.80984104961691
-73.96107044586493

40.80984905198112
-73.96106502277513

40.80985705434533
-73.96105959968533

